Time stamp,Adj Close
1492861200.0,45.25377
1492861260.0,45.112
1492861320.0,45.11
1492861380.0,45.0
1492861440.0,45.0
1492861500.0,45.00117
1492861560.0,44.996
1492861620.0,44.996
1492861680.0,45.03925
1492861740.0,44.99644
1492861800.0,44.99644
1492861860.0,45.05453
1492861920.0,44.99821
1492861980.0,45.055
1492862040.0,45.19923
1492862100.0,45.19923
1492862160.0,45.0
1492862220.0,45.10002
1492862280.0,45.1
1492862340.0,45.1
1492862400.0,45.19617
1492862460.0,45.19617
1492862520.0,45.19617
1492862580.0,45.19617
1492862640.0,45.19617
1492862700.0,45.19347
1492862760.0,45.15392
1492862820.0,45.15392
1492862880.0,45.19148
1492862940.0,45.00268
1492863000.0,45.14999
1492863060.0,45.14999
1492863120.0,45.13147
1492863180.0,45.15
1492863240.0,45.15
1492863300.0,45.15
1492863360.0,45.09996
1492863420.0,45.00314
1492863480.0,45.06048
1492863540.0,45.06048
1492863600.0,45.06048
1492863660.0,44.89193
1492863720.0,45.09988
1492863780.0,45.09988
1492863840.0,45.09988
1492863900.0,45.02564
1492863960.0,45.02564
1492864020.0,45.02564
1492864080.0,45.02564
1492864140.0,45.02564
1492864200.0,45.02564
1492864260.0,45.02564
1492864320.0,44.91
1492864380.0,44.91
1492864440.0,45.08539
1492864500.0,44.91
1492864560.0,44.91
1492864620.0,44.91
1492864680.0,44.90513
1492864740.0,45.11395
1492864800.0,44.93003
1492864860.0,44.93003
1492864920.0,44.93003
1492864980.0,44.93
1492865040.0,44.93
1492865100.0,45.11066
1492865160.0,45.09983
1492865220.0,45.09973
1492865280.0,45.0989
1492865340.0,44.93007
1492865400.0,44.93007
1492865460.0,44.93007
1492865520.0,44.93007
1492865580.0,44.93007
1492865640.0,45.09607
1492865700.0,45.09605
1492865760.0,44.97821
1492865820.0,44.94
1492865880.0,44.94
1492865940.0,44.94
1492866000.0,45.0
1492866060.0,44.94044
1492866120.0,44.94044
1492866180.0,44.94044
1492866240.0,45.00008
1492866300.0,45.00016
1492866360.0,45.01742
1492866420.0,45.19999
1492866480.0,45.19997
1492866540.0,45.19997
1492866600.0,45.19997
1492866660.0,45.19997
1492866720.0,45.19937
1492866780.0,45.16042
1492866840.0,45.16042
1492866900.0,45.16042
1492866960.0,45.16087
1492867020.0,45.11477
1492867080.0,44.94002
1492867140.0,45.15977
1492867200.0,44.94071
1492867260.0,45.05243
1492867320.0,45.15799
1492867380.0,45.15799
1492867440.0,45.15799
1492867500.0,45.15799
1492867560.0,45.15631
1492867620.0,45.15631
1492867680.0,44.97992
1492867740.0,45.15
1492867800.0,45.15
1492867860.0,45.14999
1492867920.0,45.14999
1492867980.0,45.15
1492868040.0,45.15
1492868100.0,45.15
1492868160.0,45.15
1492868220.0,44.98081
1492868280.0,44.98081
1492868340.0,45.05942
1492868400.0,45.07521
1492868460.0,45.07521
1492868520.0,45.10675
1492868580.0,45.10676
1492868640.0,45.17677
1492868700.0,45.07566
1492868760.0,45.04994
1492868820.0,44.98465
1492868880.0,44.95001
1492868940.0,44.95
1492869000.0,44.95
1492869060.0,44.95
1492869120.0,44.95
1492869180.0,44.93
1492869240.0,44.93001
1492869300.0,44.87
1492869360.0,44.8411
1492869420.0,44.8411
1492869480.0,44.80102
1492869540.0,44.91545
1492869600.0,44.91545
1492869660.0,44.915
1492869720.0,44.915
1492869780.0,44.915
1492869840.0,44.95
1492869900.0,44.98892
1492869960.0,45.15924
1492870020.0,45.15924
1492870080.0,45.03
1492870140.0,45.03045
1492870200.0,45.03045
1492870260.0,45.03045
1492870320.0,45.03045
1492870380.0,44.97
1492870440.0,44.97
1492870500.0,45.02999
1492870560.0,45.02999
1492870620.0,45.00012
1492870680.0,45.00012
1492870740.0,45.05
1492870800.0,45.15787
1492870860.0,45.15787
1492870920.0,45.15787
1492870980.0,45.11835
1492871040.0,45.13969
1492871100.0,45.11835
1492871160.0,45.08234
1492871220.0,45.08234
1492871280.0,45.08279
1492871340.0,45.08279
1492871400.0,45.16
1492871460.0,45.16
1492871520.0,45.1
1492871580.0,45.1
1492871640.0,45.1
1492871700.0,45.1
1492871760.0,45.1
1492871820.0,45.1
1492871880.0,45.09999
1492871940.0,45.1
1492872000.0,45.1
1492872060.0,45.1
1492872120.0,45.1
1492872180.0,45.05
1492872240.0,45.05
1492872300.0,45.05
1492872360.0,45.01031
1492872420.0,45.04954
1492872480.0,45.04998
1492872540.0,45.01076
1492872600.0,45.05
1492872660.0,45.05
1492872720.0,45.05
1492872780.0,45.05
1492872840.0,45.05
1492872900.0,45.01076
1492872960.0,45.01076
1492873020.0,45.01076
1492873080.0,45.04
1492873140.0,45.04966
1492873200.0,45.04966
1492873260.0,45.04965
1492873320.0,45.04
1492873380.0,45.04
1492873440.0,45.04
1492873500.0,45.04
1492873560.0,45.04
1492873620.0,45.01015
1492873680.0,45.00278
1492873740.0,45.00278
1492873800.0,45.00278
1492873860.0,45.00278
1492873920.0,45.03816
1492873980.0,45.03816
1492874040.0,45.04964
1492874160.0,45.04964
1492874220.0,45.01
1492874280.0,45.01
1492874340.0,45.05
1492874400.0,45.01
1492874460.0,45.05
1492874520.0,45.01
1492874580.0,45.01
1492874640.0,45.01
1492874700.0,45.04999
1492874760.0,45.04999
1492874820.0,45.04999
1492874880.0,45.01008
1492874940.0,45.05
1492875000.0,45.05
1492875060.0,45.05
1492875120.0,45.01152
1492875180.0,45.05
1492875240.0,45.05
1492875300.0,45.05
1492875360.0,45.04
1492875420.0,45.05
1492875480.0,45.01379
1492875540.0,45.01435
1492875600.0,45.09954
1492875660.0,45.1
1492875720.0,45.08025
1492875780.0,45.1
1492875840.0,45.1
1492875900.0,45.1
1492875960.0,45.1
1492876020.0,45.1
1492876080.0,45.1
1492876140.0,45.06
1492876200.0,45.1
1492876260.0,45.1
1492876320.0,45.09999
1492876380.0,45.09999
1492876440.0,45.09999
1492876500.0,45.1
1492876560.0,45.09999
1492876620.0,45.09999
1492876680.0,45.09999
1492876740.0,45.1
1492876800.0,44.77028
1492876860.0,44.90216
1492876920.0,44.90234
1492876980.0,44.94154
1492877040.0,45.09997
1492877100.0,44.94208
1492877160.0,44.94208
1492877220.0,44.94208
1492877280.0,45.02075
1492877340.0,45.02029
1492877400.0,45.02029
1492877460.0,45.02029
1492877520.0,45.02029
1492877580.0,45.16
1492877640.0,45.05973
1492877700.0,45.05973
1492877760.0,45.05
1492877820.0,45.04998
1492877880.0,45.04998
1492877940.0,45.05
1492878000.0,45.05
1492878060.0,45.05
1492878120.0,45.05
1492878180.0,45.05
1492878240.0,45.05
1492878300.0,45.04998
1492878360.0,45.05
1492878420.0,45.05
1492878480.0,45.05
1492878540.0,45.05
1492878600.0,45.05
1492878660.0,45.05
1492878720.0,45.05
1492878780.0,45.05
1492878840.0,45.04998
1492878900.0,45.05
1492878960.0,44.95
1492879020.0,44.95
1492879080.0,44.95
1492879140.0,44.94999
1492879200.0,44.95
1492879260.0,44.95
1492879320.0,44.95
1492879380.0,44.94999
1492879440.0,44.95
1492879500.0,44.94999
1492879560.0,44.94998
1492879620.0,44.94999
1492879680.0,44.94999
1492879740.0,44.94999
1492879800.0,44.95
1492879860.0,45.03918
1492879920.0,45.03918
1492879980.0,45.03918
1492880040.0,44.85067
1492880100.0,44.85067
1492880160.0,44.8899
1492880220.0,44.85069
1492880280.0,44.85001
1492880340.0,44.85001
1492880400.0,44.85
1492880460.0,44.85
1492880520.0,44.86
1492880580.0,44.86
1492880640.0,44.84179
1492880700.0,44.89085
1492880760.0,44.89072
1492880820.0,44.89064
1492880880.0,44.8901
1492880940.0,44.8
1492881000.0,44.8
1492881060.0,44.85
1492881120.0,44.85
1492881180.0,44.85
1492881240.0,44.8
1492881300.0,44.8
1492881360.0,44.8
1492881420.0,44.8
1492881480.0,44.8
1492881540.0,44.79999
1492881600.0,44.79992
1492881660.0,44.79992
1492881720.0,44.79999
1492881780.0,44.79999
1492881840.0,44.8
1492881900.0,44.80001
1492881960.0,44.80001
1492882020.0,44.80001
1492882080.0,44.80001
1492882140.0,44.80001
1492882200.0,44.88913
1492882260.0,44.88913
1492882320.0,44.88913
1492882380.0,44.89241
1492882440.0,44.89241
1492882500.0,44.89241
1492882560.0,44.89181
1492882620.0,44.89181
1492882680.0,44.85249
1492882740.0,44.79046
1492882800.0,44.79
1492882860.0,44.7
1492882920.0,44.7
1492882980.0,44.79001
1492883040.0,44.79001
1492883100.0,44.70001
1492883160.0,44.70001
1492883220.0,44.70001
1492883280.0,44.78956
1492883340.0,44.7
1492883400.0,44.7
1492883460.0,44.70003
1492883520.0,44.70003
1492883580.0,44.70003
1492883640.0,44.8
1492883700.0,44.85185
1492883760.0,44.72168
1492883820.0,44.72168
1492883880.0,44.78939
1492883940.0,44.78939
1492884000.0,44.8
1492884060.0,44.8
1492884120.0,44.8
1492884180.0,44.8
1492884240.0,44.8
1492884300.0,44.8
1492884360.0,44.8
1492884420.0,44.8
1492884480.0,44.8
1492884540.0,44.66007
1492884600.0,44.87885
1492884660.0,44.75232
1492884720.0,44.87863
1492884780.0,44.87863
1492884840.0,44.84821
1492884900.0,44.84832
1492884960.0,44.87875
1492885020.0,44.87822
1492885080.0,44.87828
1492885140.0,44.87827
1492885200.0,44.87827
1492885260.0,44.71
1492885320.0,44.97138
1492885380.0,44.97138
1492885440.0,44.9705
1492885500.0,44.9705
1492885560.0,44.6
1492885620.0,44.6
1492885680.0,44.8033
1492885740.0,44.8033
1492885800.0,44.95612
1492885860.0,44.81
1492885920.0,44.81
1492885980.0,44.81
1492886040.0,44.81
1492886100.0,44.9161
1492886160.0,44.9161
1492886220.0,44.9161
1492886280.0,44.84335
1492886340.0,44.84335
1492886400.0,44.90232
1492886460.0,44.90232
1492886520.0,44.90232
1492886580.0,44.90232
1492886640.0,44.90232
1492886700.0,44.8827
1492886760.0,44.65324
1492886820.0,44.65324
1492886880.0,44.65324
1492886940.0,44.88205
1492887000.0,44.88188
1492887060.0,44.84279
1492887120.0,44.70001
1492887180.0,44.70001
1492887240.0,44.70001
1492887300.0,44.82579
1492887360.0,44.70055
1492887420.0,44.70055
1492887480.0,44.86448
1492887540.0,44.86505
1492887600.0,44.89881
1492887660.0,44.89881
1492887720.0,44.81124
1492887780.0,44.81168
1492887840.0,44.8
1492887900.0,44.85841
1492887960.0,44.85841
1492888020.0,44.70062
1492888080.0,44.70062
1492888140.0,44.83954
1492888200.0,44.83955
1492888260.0,44.8398
1492888320.0,44.83978
1492888380.0,44.78
1492888440.0,44.78044
1492888500.0,44.83907
1492888560.0,44.70067
1492888620.0,44.65364
1492888680.0,44.651
1492888740.0,44.65104
1492888800.0,44.65202
1492888860.0,44.74736
1492888920.0,44.74695
1492888980.0,44.74695
1492889040.0,44.7775
1492889100.0,44.7775
1492889160.0,44.7775
1492889220.0,44.83669
1492889280.0,44.83669
1492889340.0,44.83669
1492889400.0,44.79998
1492889460.0,44.79998
1492889520.0,44.70004
1492889580.0,44.74464
1492889640.0,44.70007
1492889700.0,44.74955
1492889760.0,44.79998
1492889820.0,44.79998
1492889880.0,44.79998
1492889940.0,44.79953
1492890000.0,44.7001
1492890060.0,44.7001
1492890120.0,44.7001
1492890180.0,44.7001
1492890240.0,44.73896
1492890300.0,44.73896
1492890360.0,44.73811
1492890420.0,44.73811
1492890480.0,44.79365
1492890540.0,44.79365
1492890600.0,44.79365
1492890660.0,44.73072
1492890720.0,44.73072
1492890780.0,44.79365
1492890840.0,44.8
1492890900.0,44.89976
1492890960.0,44.89976
1492891020.0,44.89912
1492891080.0,44.89911
1492891140.0,44.89911
1492891200.0,44.85987
1492891260.0,44.85931
1492891320.0,44.85931
1492891380.0,44.9
1492891440.0,44.9
1492891500.0,44.86031
1492891560.0,44.89955
1492891620.0,44.89955
1492891680.0,44.89955
1492891740.0,44.99944
1492891800.0,44.99952
1492891860.0,44.99951
1492891920.0,44.99951
1492891980.0,45.03897
1492892040.0,45.039
1492892100.0,45.039
1492892160.0,45.039
1492892220.0,44.99988
1492892280.0,44.99988
1492892340.0,44.99988
1492892400.0,44.99988
1492892460.0,44.99986
1492892520.0,44.99985
1492892580.0,44.99995
1492892640.0,44.99995
1492892700.0,44.99995
1492892760.0,44.91002
1492892820.0,44.91002
1492892880.0,44.92573
1492892940.0,44.9995
1492893000.0,44.9995
1492893060.0,44.99927
1492893120.0,44.99927
1492893180.0,44.99927
1492893240.0,44.91002
1492893300.0,44.91002
1492893360.0,45.02998
1492893420.0,45.02998
1492893480.0,45.02998
1492893540.0,44.92003
1492893600.0,45.03
1492893660.0,45.039
1492893720.0,45.039
1492893780.0,45.06944
1492893840.0,45.03046
1492893900.0,45.03046
1492893960.0,45.03046
1492894020.0,45.03046
1492894080.0,44.95977
1492894140.0,44.96021
1492894200.0,44.96021
1492894260.0,45.02999
1492894320.0,45.02999
1492894380.0,45.02999
1492894440.0,45.02999
1492894500.0,45.02999
1492894560.0,44.92
1492894620.0,44.91
1492894680.0,44.81045
1492894740.0,44.80002
1492894800.0,45.02912
1492894860.0,45.02912
1492894920.0,45.02795
1492894980.0,45.02795
1492895040.0,44.87058
1492895100.0,44.87058
1492895160.0,44.88628
1492895220.0,44.99996
1492895280.0,44.88672
1492895340.0,44.88672
1492895400.0,44.88672
1492895460.0,44.99952
1492895520.0,44.99952
1492895580.0,44.99952
1492895640.0,44.99952
1492895700.0,44.92
1492895760.0,44.91999
1492895820.0,44.76011
1492895880.0,44.86776
1492895940.0,44.9998
1492896000.0,44.85001
1492896060.0,44.85001
1492896120.0,44.86576
1492896180.0,44.87396
1492896240.0,44.8971
1492896300.0,44.89668
1492896360.0,44.85065
1492896420.0,44.9
1492896480.0,44.9
1492896540.0,44.96
1492896600.0,44.96
1492896660.0,44.96002
1492896720.0,45.0442
1492896780.0,44.96
1492896840.0,44.96
1492896900.0,44.96
1492896960.0,44.96
1492897020.0,44.92066
1492897080.0,44.85046
1492897140.0,44.85046
1492897200.0,44.85046
1492897260.0,44.93593
1492897320.0,44.94011
1492897380.0,44.94011
1492897440.0,44.94011
1492897500.0,44.97505
1492897560.0,44.8509
1492897620.0,44.97431
1492897680.0,44.8509
1492897740.0,44.85001
1492897800.0,44.85001
1492897860.0,44.93971
1492897920.0,44.85004
1492897980.0,44.8501
1492898040.0,44.85027
1492898100.0,44.85004
1492898160.0,44.85
1492898220.0,44.85
1492898280.0,44.85
1492898340.0,44.85013
1492898400.0,44.85
1492898460.0,44.85013
1492898520.0,44.85001
1492898580.0,44.84
1492898640.0,44.81722
1492898700.0,44.80003
1492898760.0,44.80003
1492898820.0,44.82497
1492898880.0,44.82497
1492898940.0,44.82497
1492899000.0,44.82497
1492899060.0,44.82497
1492899120.0,44.8
1492899180.0,44.80003
1492899240.0,44.80003
1492899300.0,44.80003
1492899360.0,44.80001
1492899420.0,44.80001
1492899480.0,44.80001
1492899540.0,44.76
1492899600.0,44.73001
1492899660.0,44.73001
1492899720.0,44.73001
1492899780.0,44.74345
1492899840.0,44.74345
1492899900.0,44.74345
1492899960.0,44.74345
1492900020.0,44.74345
1492900080.0,44.74345
1492900140.0,44.74345
1492900200.0,44.74345
1492900260.0,44.74345
1492900320.0,44.80176
1492900380.0,44.80176
1492900440.0,44.80176
1492900500.0,44.80176
1492900560.0,44.80176
1492900620.0,44.8
1492900680.0,44.80002
1492900740.0,44.80002
1492900800.0,44.80002
1492900860.0,44.80002
1492900920.0,44.80002
1492900980.0,44.80002
1492901040.0,44.80002
1492901100.0,44.80001
1492901160.0,44.80001
1492901220.0,44.80101
1492901280.0,44.80101
1492901340.0,44.80101
1492901400.0,44.80101
1492901460.0,44.83922
1492901520.0,44.83922
1492901580.0,44.80102
1492901640.0,44.89037
1492901700.0,44.89037
1492901760.0,44.91404
1492901820.0,44.87473
1492901880.0,44.87473
1492901940.0,44.87473
1492902000.0,44.91367
1492902060.0,44.91359
1492902120.0,44.91359
1492902180.0,44.91359
1492902240.0,44.91359
1492902300.0,44.87429
1492902360.0,44.87429
1492902420.0,44.87473
1492902480.0,44.87473
1492902540.0,44.87473
1492902600.0,44.87473
1492902660.0,44.87473
1492902720.0,44.85901
1492902780.0,44.85901
1492902840.0,44.85901
1492902900.0,44.87471
1492902960.0,44.87471
1492903020.0,44.87471
1492903080.0,44.87471
1492903140.0,44.80207
1492903200.0,44.80206
1492903260.0,44.80206
1492903320.0,44.80206
1492903380.0,44.80206
1492903440.0,44.80206
1492903500.0,44.80205
1492903560.0,44.80205
1492903620.0,44.80205
1492903680.0,44.80205
1492903740.0,44.80205
1492903800.0,44.80205
1492903860.0,44.80205
1492903920.0,44.80205
1492903980.0,44.80205
1492904040.0,44.85
1492904100.0,44.85
1492904160.0,44.85
1492904220.0,44.85
1492904280.0,44.8
1492904340.0,44.80002
1492904400.0,44.80002
1492904460.0,44.85626
1492904520.0,44.85626
1492904580.0,44.85626
1492904640.0,44.85564
1492904700.0,44.85564
1492904760.0,44.82998
1492904820.0,44.82998
1492904880.0,44.8
1492904940.0,44.8
1492905000.0,44.8
1492905060.0,44.8
1492905120.0,44.8
1492905180.0,44.73002
1492905240.0,44.73
1492905300.0,44.73
1492905360.0,44.73001
1492905420.0,44.73001
1492905480.0,44.91359
1492905540.0,44.91384
1492905600.0,44.61168
1492905660.0,44.61168
1492905720.0,44.61168
1492905780.0,44.61168
1492905840.0,44.61168
1492905900.0,44.91117
1492905960.0,44.62393
1492906020.0,44.62393
1492906080.0,44.62393
1492906140.0,44.62393
1492906200.0,44.62393
1492906260.0,44.62393
1492906320.0,44.61168
1492906380.0,44.63872
1492906440.0,44.63881
1492906500.0,44.66236
1492906560.0,44.66621
1492906620.0,44.66621
1492906680.0,44.66621
1492906740.0,44.66621
1492906800.0,44.66621
1492906860.0,44.66621
1492906920.0,44.66621
1492906980.0,44.61652
1492907040.0,44.61652
1492907100.0,44.61998
1492907160.0,44.61998
1492907220.0,44.88538
1492907280.0,44.88538
1492907340.0,44.88538
1492907400.0,44.88538
1492907460.0,44.88538
1492907520.0,44.88538
1492907580.0,44.80511
1492907640.0,44.59
1492907700.0,44.6
1492907760.0,44.6
1492907820.0,44.6
1492907880.0,44.6
1492907940.0,44.6
1492908000.0,44.6
1492908060.0,44.6
1492908120.0,44.6
1492908180.0,44.6
1492908240.0,44.6
1492908300.0,44.6
1492908360.0,44.6
1492908420.0,44.63694
1492908480.0,44.63694
1492908540.0,44.63694
1492908600.0,44.63694
1492908660.0,44.63694
1492908720.0,44.64277
1492908780.0,44.65256
1492908840.0,44.65256
1492908900.0,44.65256
1492908960.0,44.65256
1492909020.0,44.65256
1492909080.0,44.67
1492909140.0,44.67
1492909200.0,44.67001
1492909260.0,44.67
1492909320.0,44.67
1492909380.0,44.67
1492909440.0,44.67
1492909500.0,44.67
1492909560.0,44.67
1492909620.0,44.70908
1492909680.0,44.74815
1492909740.0,44.67
1492909800.0,44.67
1492909860.0,44.67044
1492909920.0,44.58626
1492909980.0,44.58628
1492910040.0,44.58628
1492910100.0,44.58641
1492910160.0,44.58626
1492910220.0,44.58627
1492910280.0,44.58628
1492910340.0,44.58628
1492910400.0,44.6
1492910460.0,44.6
1492910520.0,44.6
1492910580.0,44.60001
1492910640.0,44.6
1492910700.0,44.60002
1492910760.0,44.6
1492910820.0,44.60001
1492910880.0,44.60001
1492910940.0,44.6
1492911000.0,44.60001
1492911060.0,44.60001
1492911120.0,44.60001
1492911180.0,44.6
1492911240.0,44.6
1492911300.0,44.6
1492911360.0,44.60998
1492911420.0,44.61
1492911480.0,44.61
1492911540.0,44.61
1492911600.0,44.61
1492911660.0,44.61
1492911720.0,44.61
1492911780.0,44.69629
1492911840.0,44.69629
1492911900.0,44.61044
1492911960.0,44.61001
1492912020.0,44.61001
1492912080.0,44.64091
1492912140.0,44.64091
1492912200.0,44.64091
1492912260.0,44.64091
1492912320.0,44.64091
1492912380.0,44.61001
1492912440.0,44.61001
1492912500.0,44.61001
1492912560.0,44.65216
1492912620.0,44.61001
1492912680.0,44.61001
1492912740.0,44.61
1492912800.0,44.61
1492912860.0,44.61
1492912920.0,44.61
1492912980.0,44.61
1492913040.0,44.61
1492913100.0,44.61
1492913160.0,44.61
1492913220.0,44.61
1492913280.0,44.61
1492913340.0,44.70889
1492913400.0,44.70889
1492913460.0,44.61
1492913520.0,44.61
1492913580.0,44.61
1492913640.0,44.61
1492913700.0,44.61
1492913760.0,44.61
1492913820.0,44.6
1492913880.0,44.6
1492913940.0,44.6
1492914000.0,44.6
1492914060.0,44.6
1492914120.0,44.58625
1492914180.0,44.58625
1492914240.0,44.58625
1492914300.0,44.62623
1492914360.0,44.58625
1492914420.0,44.58625
1492914540.0,44.58625
1492914600.0,44.58625
1492914660.0,44.58625
1492914720.0,44.58625
1492914780.0,44.58625
1492914840.0,44.59558
1492914900.0,44.58625
1492914960.0,44.58625
1492915020.0,44.58625
1492915080.0,44.58625
1492915140.0,44.58625
1492915200.0,44.58626
1492915260.0,44.58625
1492915320.0,44.58625
1492915380.0,44.58625
1492915440.0,44.58626
1492915500.0,44.58625
1492915560.0,44.58625
1492915620.0,44.58625
1492915680.0,44.58625
1492915740.0,44.58625
1492915800.0,44.58625
1492915860.0,44.58625
1492915920.0,44.58625
1492915980.0,44.58625
1492916100.0,44.58625
1492916160.0,44.58625
1492916280.0,44.58625
1492916340.0,44.59558
1492916400.0,44.59558
1492916460.0,44.59581
1492916520.0,44.59581
1492916580.0,44.63483
1492916640.0,44.63483
1492916700.0,44.63483
1492916760.0,44.63483
1492916820.0,44.63483
1492916880.0,44.63483
1492916940.0,44.59701
1492917000.0,44.59701
1492917060.0,44.59701
1492917120.0,44.59701
1492917180.0,44.59638
1492917240.0,44.81519
1492917300.0,44.75249
1492917360.0,44.91456
1492917420.0,45.06978
1492917480.0,44.75333
1492917540.0,45.06961
1492917600.0,45.01805
1492917660.0,45.17
1492917720.0,44.91089
1492917780.0,45.2
1492917840.0,45.25
1492917900.0,45.18035
1492917960.0,45.18035
1492918020.0,45.24892
1492918080.0,45.18034
1492918140.0,45.24859
1492918200.0,45.2
1492918260.0,45.13677
1492918320.0,45.13677
1492918380.0,45.13677
1492918440.0,45.13677
1492918500.0,45.19904
1492918560.0,45.19986
1492918620.0,45.199
1492918680.0,45.00046
1492918740.0,45.00046
1492918800.0,44.76
1492918860.0,44.76066
1492918920.0,44.99953
1492918980.0,44.99953
1492919040.0,44.99953
1492919100.0,45.0
1492919160.0,45.0
1492919220.0,44.80002
1492919280.0,44.83922
1492919340.0,44.83922
1492919400.0,44.83922
1492919460.0,44.83922
1492919520.0,44.95073
1492919580.0,44.80002
1492919640.0,44.80002
1492919700.0,44.80002
1492919760.0,44.8
1492919820.0,44.8
1492919880.0,44.8
1492919940.0,44.8
1492920000.0,44.8
1492920060.0,44.8
1492920120.0,44.58629
1492920180.0,44.58629
1492920240.0,44.58629
1492920300.0,44.58629
1492920360.0,44.65873
1492920420.0,44.65873
1492920480.0,44.69777
1492920540.0,44.6978
1492920600.0,44.6978
1492920660.0,44.6978
1492920720.0,44.6978
1492920780.0,44.6978
1492920840.0,44.6978
1492920900.0,44.73691
1492920960.0,44.73691
1492921020.0,44.73691
1492921080.0,44.77604
1492921140.0,44.77604
1492921200.0,44.77604
1492921260.0,44.8814
1492921320.0,44.80001
1492921380.0,44.85514
1492921440.0,44.85514
1492921500.0,44.85514
1492921560.0,44.87083
1492921620.0,45.0
1492921680.0,45.05
1492921740.0,45.00045
1492921800.0,45.0009
1492921860.0,44.95605
1492921920.0,44.95649
1492921980.0,44.85514
1492922040.0,45.00001
1492922100.0,45.00001
1492922160.0,44.82992
1492922280.0,44.82992
1492922340.0,44.76
1492922400.0,44.76
1492922460.0,44.76
1492922520.0,44.76
1492922580.0,44.76
1492922760.0,44.76
1492922820.0,44.76
1492922880.0,44.71253
1492922940.0,44.71253
1492923060.0,44.71253
1492923120.0,44.71244
1492923180.0,44.71244
1492923240.0,44.71244
1492923300.0,44.66001
1492923360.0,44.66001
1492923420.0,44.61328
1492923480.0,44.61293
1492923540.0,44.61294
1492923600.0,44.61295
1492923660.0,44.61295
1492923720.0,44.61318
1492923780.0,44.61318
1492923840.0,44.62104
1492923900.0,44.63
1492923960.0,44.648
1492924020.0,44.65219
1492924080.0,44.70971
1492924140.0,44.70971
1492924200.0,44.70971
1492924260.0,44.6522
1492924320.0,44.6522
1492924380.0,44.6522
1492924440.0,44.6522
1492924500.0,44.6522
1492924560.0,44.6916
1492924620.0,44.6916
1492924680.0,44.6916
1492924740.0,44.6916
1492924800.0,44.65246
1492924860.0,44.65246
1492924920.0,44.6916
1492924980.0,44.62
1492925040.0,44.70909
1492925100.0,44.62001
1492925160.0,44.72466
1492925220.0,44.75099
1492925280.0,44.75156
1492925340.0,44.77392
1492925400.0,44.77423
1492925460.0,44.70908
1492925520.0,44.62046
1492925580.0,44.62046
1492925640.0,44.62046
1492925700.0,44.62
1492925760.0,44.70793
1492925820.0,44.54993
1492925880.0,44.55006
1492925940.0,44.53003
1492926000.0,44.53001
1492926060.0,45.1072
1492926120.0,44.53044
1492926180.0,44.71427
1492926240.0,44.71427
1492926300.0,44.71427
1492926360.0,44.53345
1492926420.0,44.54004
1492926480.0,44.60002
1492926540.0,44.65
1492926600.0,44.61006
1492926660.0,44.61006
1492926720.0,44.7124
1492926780.0,44.61058
1492926840.0,44.61088
1492926900.0,44.61106
1492926960.0,44.61113
1492927020.0,44.64995
1492927080.0,44.64995
1492927140.0,44.7773
1492927200.0,44.75183
1492927260.0,44.75183
1492927320.0,44.77685
1492927380.0,44.77685
1492927440.0,44.82589
1492927500.0,44.82589
1492927560.0,44.87719
1492927620.0,44.8248
1492927680.0,44.71
1492927740.0,44.71
1492927800.0,44.7
1492927860.0,44.70003
1492927920.0,44.70001
1492927980.0,44.70009
1492928040.0,44.70009
1492928100.0,44.70014
1492928160.0,44.75482
1492928220.0,44.70057
1492928280.0,44.70057
1492928340.0,44.70057
1492928400.0,44.70057
1492928460.0,44.70057
1492928520.0,44.75437
1492928580.0,44.75437
1492928640.0,44.75437
1492928700.0,44.75437
1492928760.0,44.72077
1492928820.0,44.72077
1492928880.0,44.82435
1492928940.0,44.72131
1492929000.0,44.72131
1492929060.0,44.72131
1492929120.0,44.72131
1492929180.0,44.7152
1492929240.0,44.70051
1492929300.0,44.70002
1492929360.0,44.7152
1492929420.0,44.7152
1492929480.0,44.7
1492929540.0,44.70001
1492929600.0,44.7
1492929660.0,44.70003
1492929720.0,44.70003
1492929780.0,44.70001
1492929840.0,44.70001
1492929900.0,44.70001
1492929960.0,44.70015
1492930020.0,44.70015
1492930080.0,44.70002
1492930140.0,44.70002
1492930200.0,44.70002
1492930260.0,44.75873
1492930320.0,44.70002
1492930380.0,44.70002
1492930500.0,44.70002
1492930560.0,44.70001
1492930620.0,44.70001
1492930680.0,44.70001
1492930740.0,44.70111
1492930800.0,44.70111
1492930860.0,44.70111
1492930920.0,44.79
1492930980.0,44.8
1492931040.0,44.8
1492931100.0,44.8
1492931160.0,44.87649
1492931220.0,44.87725
1492931280.0,44.94783
1492931340.0,44.94783
1492931400.0,44.79031
1492931460.0,44.94783
1492931520.0,44.79106
1492931580.0,44.79106
1492931640.0,44.94786
1492931700.0,44.9085
1492931760.0,44.9085
1492931820.0,44.94786
1492931880.0,44.94786
1492931940.0,44.94795
1492932000.0,44.94796
1492932060.0,44.94751
1492932120.0,44.95
1492932180.0,44.99958
1492932240.0,44.99962
1492932300.0,44.99962
1492932360.0,44.95004
1492932420.0,44.95004
1492932480.0,44.98937
1492932540.0,44.98937
1492932600.0,44.98937
1492932660.0,44.95048
1492932720.0,44.99962
1492932780.0,44.99966
1492932840.0,44.99955
1492932900.0,44.99955
1492932960.0,44.99955
1492933020.0,44.99955
1492933080.0,44.95092
1492933140.0,44.9107
1492933200.0,44.9107
1492933260.0,44.80072
1492933320.0,44.80072
1492933380.0,44.801
1492933500.0,44.801
1492933560.0,44.801
1492933620.0,44.84035
1492933680.0,44.9996
1492933740.0,44.9996
1492933800.0,44.89566
1492933860.0,44.89566
1492933920.0,44.98022
1492933980.0,44.98022
1492934040.0,44.99915
1492934100.0,44.9802
1492934160.0,44.9802
1492934220.0,44.94087
1492934280.0,44.94087
1492934340.0,44.94087
1492934400.0,44.94087
1492934460.0,44.99903
1492934520.0,44.99903
1492934580.0,44.99903
1492934640.0,44.94086
1492934700.0,44.90009
1492934760.0,44.90009
1492934820.0,44.90009
1492934880.0,44.90009
1492934940.0,44.90009
1492935000.0,44.90009
1492935060.0,44.93967
1492935120.0,44.93966
1492935180.0,44.9
1492935240.0,44.9
1492935300.0,44.9
1492935360.0,44.9
1492935420.0,44.9
1492935480.0,44.9
1492935540.0,44.89104
1492935600.0,44.9
1492935660.0,44.85712
1492935720.0,44.98082
1492935780.0,44.85743
1492935840.0,44.85743
1492935900.0,44.85743
1492935960.0,44.85743
1492936020.0,44.85743
1492936080.0,44.98082
1492936140.0,44.98082
1492936200.0,44.98082
1492936260.0,44.99915
1492936320.0,44.98082
1492936380.0,44.98
1492936440.0,44.89104
1492936500.0,44.85864
1492936560.0,44.98
1492936620.0,44.98
1492936680.0,44.98
1492936740.0,44.98
1492936800.0,44.98082
1492936860.0,44.99915
1492936920.0,44.99915
1492936980.0,44.99915
1492937040.0,44.99915
1492937100.0,44.99915
1492937160.0,44.99915
1492937220.0,44.99915
1492937280.0,44.95003
1492937340.0,44.95003
1492937400.0,44.95003
1492937460.0,44.95003
1492937520.0,44.95003
1492937580.0,44.98033
1492937640.0,44.98033
1492937700.0,44.96
1492937760.0,44.95049
1492937820.0,44.95049
1492937880.0,44.99915
1492937940.0,45.01964
1492938000.0,45.01964
1492938060.0,44.95267
1492938120.0,44.95267
1492938180.0,44.95267
1492938240.0,45.03153
1492938300.0,45.0382
1492938360.0,45.08775
1492938420.0,45.08775
1492938480.0,45.08775
1492938540.0,45.08775
1492938600.0,45.08775
1492938660.0,45.01
1492938720.0,45.08786
1492938780.0,45.08786
1492938840.0,44.98962
1492938900.0,44.98962
1492938960.0,44.98962
1492939020.0,44.98962
1492939080.0,45.0796
1492939140.0,45.07914
1492939200.0,45.07958
1492939260.0,45.07957
1492939320.0,45.08786
1492939380.0,45.0874
1492939440.0,45.08786
1492939500.0,45.08786
1492939560.0,45.04032
1492939620.0,45.09999
1492939680.0,45.09999
1492939740.0,44.99199
1492939800.0,44.9611
1492939860.0,44.9611
1492939920.0,44.9611
1492939980.0,45.0
1492940040.0,44.982
1492940100.0,44.96201
1492940160.0,44.96201
1492940220.0,44.96201
1492940280.0,44.96201
1492940340.0,44.982
1492940400.0,44.982
1492940460.0,45.02127
1492940520.0,45.02127
1492940580.0,45.09869
1492940640.0,45.09746
1492940700.0,45.0
1492940760.0,44.95
1492940820.0,44.95
1492940880.0,44.95025
1492940940.0,45.09823
1492941000.0,45.09823
1492941060.0,44.95
1492941120.0,44.95
1492941180.0,44.95001
1492941240.0,44.95
1492941300.0,44.95001
1492941360.0,44.95001
1492941420.0,44.95001
1492941480.0,44.95001
1492941540.0,44.95
1492941600.0,44.95
1492941660.0,44.95
1492941720.0,44.95
1492941780.0,44.95
1492941840.0,44.95
1492941900.0,44.95
1492941960.0,44.95
1492942020.0,44.95
1492942080.0,44.95001
1492942140.0,44.95001
1492942200.0,44.95001
1492942260.0,44.95001
1492942320.0,44.95001
1492942380.0,44.95
1492942440.0,44.95
1492942500.0,44.95
1492942560.0,45.19031
1492942620.0,45.10505
1492942680.0,45.13965
1492942740.0,45.00002
1492942800.0,45.00002
1492942860.0,45.00002
1492942920.0,45.00002
1492942980.0,45.00002
1492943040.0,44.95002
1492943100.0,44.95
1492943160.0,44.95
1492943220.0,44.95
1492943280.0,45.02332
1492943340.0,45.02332
1492943400.0,44.95
1492943460.0,44.95
1492943520.0,45.12496
1492943580.0,44.95044
1492943640.0,44.95044
1492943700.0,44.95044
1492943760.0,44.93431
1492943820.0,45.04909
1492943880.0,45.04909
1492943940.0,45.04909
1492944000.0,44.91
1492944060.0,44.91
1492944120.0,44.85
1492944180.0,44.9
1492944240.0,44.90001
1492944300.0,44.9
1492944360.0,44.9
1492944420.0,44.9
1492944480.0,44.9
1492944540.0,44.85
1492944600.0,44.85
1492944660.0,44.87
1492944720.0,44.87
1492944780.0,44.85044
1492944840.0,44.85045
1492944900.0,44.85045
1492944960.0,44.85045
1492945020.0,44.85044
1492945080.0,44.85044
1492945140.0,44.80316
1492945200.0,44.80012
1492945260.0,44.80013
1492945320.0,44.84999
1492945380.0,44.80012
1492945440.0,44.80012
1492945500.0,44.80012
1492945560.0,44.80012
1492945620.0,44.80012
1492945680.0,44.80012
1492945740.0,44.8
1492945800.0,44.8
1492945860.0,44.8
1492945920.0,44.80001
1492945980.0,44.8
1492946040.0,44.7997
1492946100.0,44.76412
1492946160.0,44.76412
1492946220.0,44.76412
1492946280.0,44.87992
1492946340.0,44.87996
1492946400.0,44.87996
1492946460.0,44.87996
1492946520.0,44.65646
1492946580.0,44.87993
1492946640.0,44.70247
1492946700.0,44.70247
1492946760.0,44.70247
1492946820.0,44.70247
1492946880.0,44.8795
1492946940.0,44.87999
1492947000.0,44.87999
1492947060.0,44.87999
1492947120.0,44.87999
1492947180.0,44.87479
1492947240.0,44.87479
1492947300.0,44.75485
1492947360.0,44.87479
1492947420.0,44.87479
1492947480.0,44.87476
1492947540.0,44.70001
1492947600.0,44.70001
1492947660.0,44.70001
1492947720.0,44.70001
1492947780.0,44.70004
1492947840.0,44.87461
1492947900.0,44.70216
1492947960.0,44.70226
1492948020.0,44.75594
1492948080.0,44.75639
1492948140.0,44.75639
1492948200.0,44.75639
1492948260.0,44.65
1492948320.0,44.67526
1492948380.0,44.74999
1492948440.0,44.74999
1492948500.0,44.74999
1492948560.0,44.65001
1492948620.0,44.65001
1492948680.0,44.83539
1492948740.0,44.65368
1492948800.0,44.67674
1492948860.0,44.65003
1492948920.0,44.65002
1492948980.0,44.82722
1492949040.0,44.82722
1492949100.0,44.727
1492949160.0,44.67
1492949220.0,44.65001
1492949280.0,44.65001
1492949340.0,44.6599
1492949400.0,44.65
1492949460.0,44.65
1492949520.0,44.7
1492949580.0,44.7
1492949640.0,44.651
1492949700.0,44.63044
1492949760.0,44.69912
1492949820.0,44.69895
1492949880.0,44.62
1492949940.0,44.7
1492950000.0,44.6991
1492950060.0,44.7
1492950120.0,44.70001
1492950180.0,44.81639
1492950240.0,44.70101
1492950300.0,44.701
1492950360.0,44.701
1492950420.0,44.81624
1492950480.0,44.81624
1492950540.0,44.81622
1492950600.0,44.81622
1492950660.0,44.81622
1492950720.0,44.74901
1492950780.0,44.74901
1492950840.0,44.74901
1492950900.0,44.7399
1492950960.0,44.7399
1492951020.0,44.81625
1492951080.0,44.81617
1492951140.0,44.81617
1492951200.0,44.81617
1492951260.0,44.75
1492951320.0,44.75
1492951380.0,44.75
1492951440.0,44.75
1492951500.0,44.75
1492951560.0,44.75
1492951620.0,44.70076
1492951680.0,44.72
1492951740.0,44.75
1492951800.0,44.75
1492951860.0,44.75003
1492951920.0,44.81628
1492951980.0,44.75009
1492952040.0,44.75
1492952100.0,44.75012
1492952160.0,44.75
1492952220.0,44.81628
1492952280.0,44.75
1492952340.0,44.75
1492952400.0,44.75
1492952460.0,44.7
1492952520.0,44.75
1492952580.0,44.75
1492952640.0,44.75
1492952700.0,44.74901
1492952760.0,44.78914
1492952820.0,44.78914
1492952880.0,44.81628
1492952940.0,44.81628
1492953000.0,44.81
1492953060.0,44.81
1492953120.0,44.81629
1492953180.0,44.81629
1492953240.0,44.81629
1492953300.0,44.81629
1492953360.0,44.81629
1492953420.0,44.75
1492953480.0,44.75002
1492953540.0,44.75
1492953600.0,44.75
1492953660.0,44.81
1492953720.0,44.81
1492953780.0,44.81
1492953900.0,44.81
1492953960.0,44.75003
1492954020.0,44.75
1492954080.0,44.75001
1492954140.0,44.75
1492954200.0,44.75
1492954260.0,44.75
1492954320.0,44.80999
1492954380.0,44.777
1492954440.0,44.75
1492954500.0,44.75
1492954560.0,44.70032
1492954620.0,44.70032
1492954680.0,44.70082
1492954740.0,44.70082
1492954800.0,44.75
1492954860.0,44.75
1492954920.0,44.60016
1492954980.0,44.60016
1492955040.0,44.69957
1492955100.0,44.69912
1492955160.0,44.74955
1492955220.0,44.7
1492955280.0,44.7
1492955340.0,44.74955
1492955400.0,44.74955
1492955460.0,44.74955
1492955520.0,44.74955
1492955580.0,44.74955
1492955640.0,44.8
1492955700.0,44.8
1492955760.0,44.8
1492955820.0,44.8
1492955880.0,44.8
1492955940.0,44.8
1492956000.0,44.8
1492956060.0,44.8
1492956120.0,44.8
1492956180.0,44.75
1492956240.0,44.75
1492956300.0,44.78978
1492956360.0,44.78973
1492956420.0,44.71002
1492956480.0,44.71002
1492956540.0,44.71002
1492956600.0,44.8
1492956660.0,44.8
1492956720.0,44.71003
1492956780.0,44.71003
1492956840.0,44.79998
1492956900.0,44.76069
1492956960.0,44.76069
1492957020.0,44.8
1492957080.0,44.79998
1492957140.0,44.8
1492957200.0,44.71067
1492957260.0,44.71067
1492957320.0,44.79994
1492957380.0,44.8
1492957440.0,44.71024
1492957500.0,44.71024
1492957560.0,44.71024
1492957620.0,44.72032
1492957680.0,44.72032
1492957740.0,44.8748
1492957800.0,44.8748
1492957860.0,44.79967
1492957920.0,44.79967
1492957980.0,44.87476
1492958040.0,44.87476
1492958100.0,44.87476
1492958160.0,44.8748
1492958220.0,44.8748
1492958280.0,44.8748
1492958340.0,45.0
1492958400.0,44.80001
1492958460.0,44.80001
1492958520.0,44.80001
1492958580.0,44.80001
1492958640.0,44.80001
1492958700.0,44.80001
1492958760.0,44.98
1492958820.0,44.88927
1492958880.0,44.88927
1492958940.0,44.91361
1492959000.0,44.97935
1492959060.0,44.97935
1492959120.0,44.96371
1492959180.0,44.96372
1492959240.0,44.9637
1492959300.0,44.9637
1492959360.0,44.99999
1492959420.0,44.96371
1492959480.0,44.9637
1492959540.0,45.01311
1492959600.0,44.9637
1492959660.0,44.9637
1492959720.0,44.9637
1492959780.0,45.02999
1492959840.0,44.99734
1492959900.0,44.99733
1492959960.0,44.99733
1492960020.0,44.99733
1492960080.0,44.82147
1492960140.0,44.82147
1492960200.0,44.82147
1492960260.0,44.82147
1492960320.0,44.82147
1492960380.0,44.82003
1492960440.0,44.82
1492960500.0,44.82
1492960560.0,44.82
1492960620.0,44.82
1492960680.0,44.9491
1492960740.0,44.9491
1492960800.0,44.909
1492960860.0,44.90897
1492960920.0,44.80001
1492960980.0,44.80001
1492961040.0,44.80001
1492961100.0,44.8
1492961160.0,44.8
1492961220.0,44.8
1492961280.0,44.9
1492961340.0,44.9
1492961400.0,44.9
1492961460.0,44.9
1492961520.0,44.80008
1492961580.0,44.80008
1492961640.0,44.85004
1492961700.0,44.89996
1492961760.0,44.86
1492961820.0,44.86
1492961880.0,44.86
1492961940.0,44.86
1492962000.0,44.86
1492962060.0,44.9
1492962120.0,44.9
1492962180.0,44.85003
1492962240.0,44.85003
1492962300.0,44.85004
1492962360.0,44.85004
1492962420.0,44.85004
1492962480.0,44.85004
1492962540.0,44.85004
1492962600.0,44.85004
1492962660.0,44.97367
1492962720.0,44.97369
1492962780.0,45.02932
1492962840.0,44.9737
1492962900.0,44.9737
1492962960.0,44.9737
1492963020.0,44.9737
1492963080.0,45.07002
1492963140.0,45.07002
1492963200.0,45.07002
1492963260.0,45.07002
1492963320.0,45.07002
1492963380.0,44.9737
1492963440.0,44.9737
1492963500.0,44.9737
1492963560.0,44.9737
1492963620.0,44.9737
1492963680.0,45.07899
1492963740.0,44.88394
1492963800.0,45.07796
1492963860.0,45.07796
1492963920.0,45.07796
1492963980.0,45.07796
1492964040.0,45.07796
1492964100.0,45.01
1492964160.0,45.01
1492964220.0,45.01
1492964280.0,44.95433
1492964340.0,44.85003
1492964400.0,44.85004
1492964460.0,44.85004
1492964520.0,44.85004
1492964580.0,44.85058
1492964640.0,44.85002
1492964700.0,44.85002
1492964760.0,44.85002
1492964820.0,44.99999
1492964880.0,44.99999
1492964940.0,44.99999
1492965000.0,44.99999
1492965060.0,44.86002
1492965120.0,44.86002
1492965180.0,44.86002
1492965240.0,44.86002
1492965300.0,44.86
1492965360.0,44.86
1492965420.0,44.87001
1492965480.0,45.0
1492965540.0,45.0
1492965600.0,44.87
1492965660.0,44.87001
1492965720.0,44.87001
1492965780.0,44.87001
1492965840.0,44.87001
1492965900.0,44.87001
1492965960.0,44.87001
1492966020.0,44.87001
1492966080.0,44.87001
1492966140.0,44.87001
1492966200.0,44.87001
1492966260.0,44.87001
1492966320.0,44.99981
1492966380.0,44.87003
1492966440.0,44.87003
1492966500.0,44.87001
1492966560.0,44.87001
1492966620.0,44.87001
1492966680.0,44.87001
1492966740.0,44.87001
1492966800.0,44.87001
1492966860.0,44.87
1492966920.0,44.87
1492966980.0,44.98646
1492967100.0,44.98646
1492967160.0,44.98646
1492967220.0,44.98646
1492967280.0,44.87002
1492967340.0,44.87002
1492967400.0,44.87002
1492967460.0,44.87
1492967520.0,44.87
1492967580.0,44.87
1492967640.0,44.87
1492967700.0,44.87
1492967760.0,44.87
1492967820.0,44.87
1492967880.0,44.87
1492967940.0,44.87001
1492968000.0,44.87001
1492968060.0,44.87
1492968120.0,44.95543
1492968180.0,44.94615
1492968240.0,44.87002
1492968300.0,44.94612
1492968360.0,44.87001
1492968420.0,44.87
1492968480.0,44.87
1492968540.0,44.84
1492968600.0,44.84
1492968660.0,44.84001
1492968720.0,44.84001
1492968780.0,44.84001
1492968840.0,44.84001
1492968900.0,44.94301
1492968960.0,44.94301
1492969020.0,44.92968
1492969080.0,44.92968
1492969140.0,44.84001
1492969200.0,44.8
1492969260.0,44.8
1492969320.0,44.8
1492969380.0,44.94172
1492969440.0,44.94172
1492969500.0,44.94172
1492969560.0,44.94172
1492969620.0,44.94172
1492969680.0,44.94172
1492969740.0,44.94171
1492969800.0,44.94171
1492969860.0,44.94615
1492969920.0,44.94615
1492969980.0,44.94615
1492970040.0,44.94615
1492970100.0,44.94615
1492970160.0,44.98
1492970220.0,44.99268
1492970280.0,44.8706
1492970340.0,44.8706
1492970400.0,44.8706
1492970460.0,44.99991
1492970520.0,44.99991
1492970580.0,44.99993
1492970640.0,45.0
1492970700.0,44.99999
1492970760.0,45.0
1492970820.0,45.0
1492970880.0,45.0
1492970940.0,45.0
1492971000.0,45.00042
1492971060.0,45.05
1492971120.0,45.053
1492971180.0,45.053
1492971240.0,45.053
1492971300.0,45.05
1492971360.0,45.05
1492971420.0,45.05
1492971480.0,45.05
1492971540.0,45.05
1492971600.0,45.04086
1492971660.0,45.04086
1492971720.0,45.1
1492971780.0,45.1
1492971840.0,45.1
1492971900.0,45.1
1492971960.0,45.25454
1492972020.0,45.25454
1492972080.0,45.23851
1492972140.0,45.23851
1492972200.0,45.23851
1492972260.0,45.10106
1492972320.0,45.10122
1492972380.0,45.10133
1492972440.0,45.10133
1492972500.0,45.16995
1492972560.0,45.16995
1492972620.0,45.23781
1492972680.0,45.09998
1492972740.0,45.09998
1492972800.0,45.09998
1492972860.0,45.09998
1492972920.0,45.09998
1492972980.0,45.09998
1492973040.0,45.09998
1492973100.0,45.22267
1492973160.0,45.22267
1492973220.0,45.22267
1492973280.0,45.09998
1492973340.0,45.2361
1492973400.0,45.2361
1492973460.0,45.29
1492973520.0,45.27063
1492973580.0,45.2799
1492973640.0,45.2799
1492973700.0,45.12874
1492973760.0,45.12874
1492973820.0,45.12874
1492973880.0,45.12872
1492973940.0,45.11
1492974000.0,45.1287
1492974060.0,45.1287
1492974120.0,45.11002
1492974180.0,45.00183
1492974240.0,44.99709
1492974300.0,44.74689
1492974360.0,44.74438
1492974420.0,44.74259
1492974480.0,44.74261
1492974540.0,44.7
1492974600.0,44.6601
1492974660.0,44.6566
1492974720.0,44.65309
1492974780.0,44.6501
1492974840.0,44.65058
1492974900.0,44.86168
1492974960.0,44.77898
1492975020.0,44.75799
1492975080.0,44.7545
1492975140.0,44.65059
1492975200.0,44.74509
1492975260.0,44.74544
1492975320.0,44.65061
1492975380.0,44.65061
1492975440.0,44.65061
1492975500.0,44.76879
1492975560.0,44.76928
1492975620.0,44.65058
1492975680.0,44.65058
1492975740.0,44.89721
1492975800.0,44.89721
1492975860.0,44.89721
1492975920.0,44.65082
1492975980.0,44.65082
1492976040.0,44.65082
1492976100.0,44.65082
1492976160.0,44.74629
1492976220.0,44.74629
1492976400.0,44.74629
1492976460.0,44.65058
1492976520.0,44.65058
1492976580.0,44.65058
1492976640.0,44.65058
1492976700.0,44.65058
1492976760.0,44.74029
1492976820.0,44.74029
1492976880.0,44.74029
1492976940.0,44.7403
1492977000.0,44.7403
1492977060.0,44.7403
1492977120.0,44.7403
1492977180.0,44.75233
1492977240.0,44.75234
1492977300.0,44.75002
1492977360.0,44.75234
1492977420.0,44.75234
1492977480.0,44.75002
1492977540.0,44.70094
1492977600.0,44.67948
1492977660.0,44.67948
1492977720.0,44.6795
1492977780.0,44.6795
1492977840.0,44.67949
1492977900.0,44.6795
1492977960.0,44.6795
1492978020.0,44.6795
1492978080.0,44.67
1492978140.0,44.66
1492978200.0,44.66
1492978260.0,44.66
1492978320.0,44.65058
1492978380.0,44.65058
1492978440.0,44.65
1492978500.0,44.67947
1492978560.0,44.67948
1492978620.0,44.67948
1492978680.0,44.67948
1492978740.0,44.67948
1492978800.0,44.67948
1492978860.0,44.67948
1492978920.0,44.67948
1492978980.0,44.67946
1492979040.0,44.6795
1492979100.0,44.6795
1492979160.0,44.6795
1492979220.0,44.65107
1492979280.0,44.65107
1492979340.0,44.6795
1492979400.0,44.6795
1492979460.0,44.67946
1492979520.0,44.65172
1492979580.0,44.65195
1492979640.0,44.67949
1492979700.0,44.6795
1492979760.0,44.67949
1492979820.0,44.6795
1492979880.0,44.6795
1492979940.0,44.6795
1492980000.0,44.7508
1492980060.0,44.7508
1492980120.0,44.7413
1492980180.0,44.74328
1492980240.0,44.74328
1492980300.0,44.74115
1492980360.0,44.74115
1492980420.0,44.74727
1492980480.0,44.74727
1492980540.0,44.74727
1492980600.0,44.74727
1492980660.0,44.74356
1492980720.0,44.74356
1492980780.0,44.61
1492980840.0,44.7
1492980900.0,44.7
1492980960.0,44.7
1492981020.0,44.7
1492981080.0,44.7
1492981140.0,44.60101
1492981200.0,44.60101
1492981260.0,44.60001
1492981320.0,44.55133
1492981380.0,44.55133
1492981440.0,44.57975
1492981500.0,44.55
1492981560.0,44.52991
1492981620.0,44.52985
1492981680.0,44.5204
1492981740.0,44.5204
1492981800.0,44.52023
1492981860.0,44.52023
1492981920.0,44.52992
1492981980.0,44.57919
1492982040.0,44.57901
1492982100.0,44.57909
1492982160.0,44.57928
1492982220.0,44.57927
1492982280.0,44.58944
1492982340.0,44.58944
1492982400.0,44.53096
1492982460.0,44.53
1492982520.0,44.62976
1492982580.0,44.54001
1492982640.0,44.54001
1492982700.0,44.53001
1492982760.0,44.55
1492982820.0,44.55
1492982880.0,44.54002
1492982940.0,44.54006
1492983000.0,44.54004
1492983060.0,44.55001
1492983120.0,44.54002
1492983180.0,44.53
1492983240.0,44.53
1492983300.0,44.55002
1492983360.0,44.66997
1492983420.0,44.67
1492983480.0,44.7074
1492983540.0,44.68
1492983600.0,44.68
1492983660.0,44.67
1492983720.0,44.70464
1492983780.0,44.70441
1492983840.0,44.58
1492983900.0,44.58
1492983960.0,44.58
1492984020.0,44.59
1492984080.0,44.59
1492984140.0,44.59
1492984200.0,44.59
1492984260.0,44.59
1492984320.0,44.59
1492984380.0,44.59001
1492984440.0,44.59001
1492984500.0,44.59002
1492984560.0,44.59002
1492984620.0,44.59002
1492984680.0,44.59002
1492984740.0,44.5903
1492984800.0,44.5903
1492984860.0,44.5903
1492984920.0,44.5903
1492984980.0,44.5903
1492985040.0,44.72359
1492985100.0,44.59029
1492985160.0,44.59029
1492985220.0,44.59029
1492985280.0,44.59029
1492985340.0,44.59029
1492985400.0,44.59029
1492985460.0,44.59029
1492985520.0,44.59029
1492985580.0,44.5903
1492985640.0,44.5903
1492985700.0,44.5903
1492985760.0,44.5903
1492985820.0,44.60001
1492985880.0,44.60001
1492985940.0,44.60009
1492986000.0,44.67948
1492986060.0,44.67948
1492986120.0,44.75079
1492986180.0,44.7438
1492986240.0,44.7438
1492986300.0,44.7438
1492986360.0,44.7342
1492986420.0,44.7342
1492986480.0,44.75235
1492986540.0,44.75235
1492986600.0,44.72188
1492986660.0,44.72188
1492986720.0,44.72188
1492986780.0,44.72188
1492986840.0,44.72188
1492986900.0,44.72188
1492986960.0,44.84163
1492987020.0,44.84163
1492987080.0,44.84163
1492987140.0,44.84163
1492987200.0,44.6
1492987260.0,44.8141
1492987320.0,44.8141
1492987380.0,44.8141
1492987440.0,44.8141
1492987500.0,44.8141
1492987560.0,44.8141
1492987620.0,44.8141
1492987680.0,44.78259
1492987740.0,44.78259
1492987800.0,44.77207
1492987860.0,44.60001
1492987920.0,44.76309
1492987980.0,44.59
1492988040.0,44.59
1492988100.0,44.59
1492988160.0,44.59
1492988220.0,44.59
1492988280.0,44.59
1492988340.0,44.59
1492988400.0,44.70701
1492988460.0,44.70701
1492988520.0,44.59009
1492988580.0,44.59009
1492988640.0,44.59
1492988700.0,44.59
1492988760.0,44.59
1492988820.0,44.59
1492988880.0,44.59
1492988940.0,44.59
1492989000.0,44.59
1492989060.0,44.59
1492989120.0,44.59
1492989180.0,44.59
1492989240.0,44.59
1492989300.0,44.59
1492989360.0,44.59
1492989420.0,44.59
1492989480.0,44.59
1492989540.0,44.59
1492989600.0,44.59
1492989660.0,44.59
1492989720.0,44.59
1492989780.0,44.59
1492989840.0,44.59
1492989900.0,44.59
1492989960.0,44.59
1492990020.0,44.59
1492990080.0,44.59
1492990140.0,44.59
1492990200.0,44.59
1492990260.0,44.59
1492990320.0,44.59
1492990380.0,44.59038
1492990440.0,44.59038
1492990500.0,44.59038
1492990560.0,44.59038
1492990620.0,44.59038
1492990680.0,44.59038
1492990740.0,44.88239
1492990800.0,44.91641
1492990860.0,44.91659
1492990920.0,44.89757
1492990980.0,44.72632
1492991040.0,44.72632
1492991100.0,44.72632
1492991160.0,44.72632
1492991220.0,44.72632
1492991280.0,44.72632
1492991340.0,44.72632
1492991400.0,44.72632
1492991460.0,44.72632
1492991520.0,44.72632
1492991580.0,44.72632
1492991640.0,44.72632
1492991700.0,44.72632
1492991760.0,44.72632
1492991820.0,44.72632
1492991880.0,44.72632
1492991940.0,44.64323
1492992000.0,44.64323
1492992060.0,44.64323
1492992120.0,44.64323
1492992180.0,44.64323
1492992240.0,44.64323
1492992300.0,44.64323
1492992360.0,44.80012
1492992420.0,44.80012
1492992480.0,44.80012
1492992540.0,44.95
1492992600.0,44.95
1492992660.0,44.95
1492992720.0,44.99559
1492992780.0,45.18998
1492992840.0,45.18998
1492992900.0,45.18999
1492992960.0,45.17273
1492993020.0,45.1
1492993080.0,45.0
1492993140.0,45.00001
1492993200.0,45.00001
1492993260.0,45.00001
1492993320.0,45.18
1492993380.0,45.18
1492993440.0,45.18
1492993500.0,45.18
1492993560.0,45.19
1492993620.0,45.19
1492993680.0,45.19
1492993740.0,45.03385
1492993800.0,45.3
1492993860.0,45.29933
1492993920.0,45.29933
1492993980.0,45.29933
1492994040.0,45.29933
1492994100.0,45.29934
1492994160.0,45.3
1492994220.0,45.3
1492994280.0,45.34
1492994340.0,45.48989
1492994400.0,45.6
1492994460.0,45.57564
1492994520.0,45.56973
1492994580.0,45.55488
1492994640.0,45.33314
1492994700.0,45.33314
1492994760.0,45.33483
1492994820.0,45.33483
1492994880.0,45.33483
1492994940.0,45.33483
1492995000.0,45.33483
1492995060.0,45.33483
1492995120.0,45.33483
1492995180.0,45.38818
1492995240.0,45.57294
1492995300.0,45.57305
1492995360.0,45.57305
1492995420.0,45.57294
1492995480.0,45.38922
1492995540.0,45.38949
1492995600.0,45.38949
1492995660.0,45.39061
1492995720.0,45.5734
1492995780.0,45.619
1492995840.0,45.619
1492995900.0,45.619
1492995960.0,45.619
1492996020.0,45.619
1492996080.0,45.60505
1492996140.0,45.65955
1492996200.0,45.69999
1492996260.0,45.52855
1492996320.0,45.52855
1492996380.0,45.52855
1492996440.0,45.52855
1492996500.0,45.38818
1492996560.0,45.38818
1492996620.0,45.52855
1492996680.0,45.52855
1492996740.0,45.38803
1492996800.0,45.38803
1492996860.0,45.38803
1492996920.0,45.52855
1492996980.0,45.52855
1492997040.0,45.50441
1492997100.0,45.38803
1492997160.0,45.38803
1492997220.0,45.4891
1492997280.0,45.4891
1492997340.0,45.4891
1492997400.0,45.38803
1492997460.0,45.38803
1492997520.0,45.45785
1492997580.0,45.45785
1492997640.0,45.45785
1492997700.0,45.45785
1492997760.0,45.45785
1492997820.0,45.44725
1492997880.0,45.44725
1492997940.0,45.44725
1492998000.0,45.46674
1492998060.0,45.38806
1492998120.0,45.4881
1492998180.0,45.4881
1492998240.0,45.38802
1492998300.0,45.38802
1492998360.0,45.38803
1492998420.0,45.47864
1492998480.0,45.47864
1492998540.0,45.38803
1492998600.0,45.38803
1492998660.0,45.38803
1492998720.0,45.47881
1492998780.0,45.47881
1492998840.0,45.47881
1492998900.0,45.47881
1492998960.0,45.47881
1492999020.0,45.38802
1492999080.0,45.38802
1492999140.0,45.38798
1492999200.0,45.38798
1492999260.0,45.388
1492999320.0,45.388
1492999380.0,45.388
1492999440.0,45.33312
1492999500.0,45.33312
1492999560.0,45.388
1492999620.0,45.38802
1492999680.0,45.33252
1492999740.0,45.33252
1492999800.0,45.33252
1492999860.0,45.05
1492999920.0,45.38798
1492999980.0,45.38802
1493000040.0,45.38802
1493000100.0,45.38802
1493000160.0,45.38796
1493000220.0,45.38796
1493000280.0,45.38796
1493000340.0,45.25042
1493000400.0,45.25042
1493000460.0,45.25042
1493000520.0,45.34483
1493000580.0,45.34483
1493000640.0,45.34483
1493000700.0,45.34483
1493000760.0,45.34483
1493000820.0,45.388
1493000880.0,45.388
1493000940.0,45.388
1493001000.0,45.38802
1493001060.0,45.38802
1493001120.0,45.38802
1493001180.0,45.38802
1493001240.0,45.38802
1493001300.0,45.38802
1493001360.0,45.3026
1493001420.0,45.30297
1493001480.0,45.47767
1493001540.0,45.30331
1493001600.0,45.30353
1493001660.0,45.52491
1493001720.0,45.30392
1493001780.0,45.30409
1493001840.0,45.30429
1493001900.0,45.30445
1493001960.0,45.30445
1493002020.0,45.52524
1493002080.0,45.52524
1493002140.0,45.52524
1493002200.0,45.3949
1493002260.0,45.3949
1493002320.0,45.52522
1493002380.0,45.52522
1493002440.0,45.52522
1493002500.0,45.52522
1493002560.0,45.52855
1493002620.0,45.52855
1493002680.0,45.53997
1493002740.0,45.54
1493002800.0,45.54
1493002860.0,45.54
1493002920.0,45.61082
1493002980.0,45.61082
1493003040.0,45.61082
1493003100.0,45.61082
1493003160.0,45.61082
1493003220.0,45.61082
1493003280.0,45.61082
1493003340.0,45.61082
1493003400.0,45.53997
1493003460.0,45.53997
1493003520.0,45.53997
1493003580.0,45.53997
1493003640.0,45.53997
1493003700.0,45.53997
1493003760.0,45.53997
1493003820.0,45.53997
1493003880.0,45.53997
1493003940.0,45.53997
1493004000.0,45.53998
1493004060.0,45.53998
1493004120.0,45.53998
1493004180.0,45.53998
1493004240.0,45.61938
1493004300.0,45.61938
1493004360.0,45.61938
1493004420.0,45.61938
1493004480.0,45.61938
1493004540.0,45.62
1493004600.0,45.61898
1493004660.0,45.53997
1493004720.0,45.61695
1493004780.0,45.61695
1493004840.0,45.2567
1493004900.0,45.2567
1493004960.0,45.2567
1493005020.0,45.43512
1493005080.0,45.25907
1493005140.0,45.25907
1493005200.0,45.25907
1493005260.0,45.25907
1493005320.0,45.40009
1493005380.0,45.40009
1493005440.0,45.4351
1493005500.0,45.4351
1493005560.0,45.4351
1493005620.0,45.4351
1493005680.0,45.43512
1493005740.0,45.43512
1493005800.0,45.57632
1493005860.0,45.57632
1493005920.0,45.43551
1493005980.0,45.55016
1493006040.0,45.55016
1493006100.0,45.61971
1493006160.0,45.61966
1493006220.0,45.61966
1493006280.0,45.61966
1493006340.0,45.60909
1493006400.0,45.60909
1493006460.0,45.60539
1493006520.0,45.60539
1493006580.0,45.43506
1493006640.0,45.43506
1493006700.0,45.32118
1493006760.0,45.34395
1493006820.0,45.55175
1493006880.0,45.55175
1493006940.0,45.55175
1493007000.0,45.55175
1493007060.0,45.55175
1493007120.0,45.55175
1493007180.0,45.55175
1493007240.0,45.55175
1493007300.0,45.55175
1493007360.0,45.55175
1493007420.0,45.55175
1493007480.0,45.55175
1493007540.0,45.56
1493007600.0,45.50074
1493007660.0,45.50074
1493007720.0,45.50074
1493007780.0,45.50174
1493007840.0,45.50174
1493007900.0,45.50174
1493007960.0,45.62
1493008020.0,45.62
1493008080.0,45.62
1493008140.0,45.62
1493008200.0,45.62
1493008260.0,45.52196
1493008320.0,45.52196
1493008380.0,45.59977
1493008440.0,45.59977
1493008500.0,45.59977
1493008560.0,45.58295
1493008620.0,45.43869
1493008680.0,45.56999
1493008740.0,45.57
1493008800.0,45.50875
1493008860.0,45.50875
1493008920.0,45.50875
1493008980.0,45.49
1493009040.0,45.49
1493009100.0,45.47904
1493009160.0,45.47904
1493009220.0,45.30211
1493009280.0,45.47902
1493009340.0,45.47902
1493009400.0,45.47904
1493009460.0,45.479
1493009520.0,45.479
1493009580.0,45.49
1493009640.0,45.49
1493009700.0,45.49
1493009760.0,45.49
1493009820.0,45.49
1493009880.0,45.57
1493009940.0,45.5
1493010000.0,45.5
1493010060.0,45.61987
1493010120.0,45.61998
1493010180.0,45.45945
1493010240.0,45.6
1493010300.0,45.53002
1493010360.0,45.6
1493010420.0,45.62
1493010480.0,45.62
1493010540.0,45.62
1493010600.0,45.62
1493010660.0,45.62
1493010720.0,45.62
1493010780.0,45.62
1493010840.0,45.62
1493010900.0,45.62
1493010960.0,45.62
1493011020.0,45.62
1493011080.0,45.52894
1493011140.0,45.52894
1493011200.0,45.52894
1493011260.0,45.52894
1493011320.0,45.52894
1493011380.0,45.52894
1493011440.0,45.43914
1493011500.0,45.43914
1493011560.0,45.55
1493011620.0,45.55
1493011680.0,45.55
1493011740.0,45.55
1493011800.0,45.55
1493011860.0,45.54998
1493011920.0,45.54998
1493011980.0,45.5
1493012040.0,45.5
1493012100.0,45.689
1493012160.0,45.689
1493012220.0,45.689
1493012280.0,45.46154
1493012340.0,45.46186
1493012400.0,45.46186
1493012460.0,45.6995
1493012520.0,45.6995
1493012580.0,45.6995
1493012640.0,45.6995
1493012700.0,45.6995
1493012760.0,45.6995
1493012820.0,45.56763
1493012880.0,45.55
1493012940.0,45.4681
1493013000.0,45.4681
1493013060.0,45.4681
1493013120.0,45.4681
1493013180.0,45.56763
1493013240.0,45.56763
1493013300.0,45.56763
1493013360.0,45.56763
1493013420.0,45.60096
1493013480.0,45.69943
1493013540.0,45.69999
1493013600.0,45.69998
1493013660.0,45.69999
1493013720.0,45.69998
1493013780.0,45.69998
1493013840.0,45.69998
1493013900.0,45.69998
1493013960.0,45.69992
1493014020.0,45.69999
1493014080.0,45.69999
1493014140.0,45.69999
1493014200.0,45.69999
1493014260.0,45.69999
1493014320.0,45.69999
1493014380.0,45.69999
1493014440.0,45.69995
1493014500.0,45.60877
1493014560.0,45.60877
1493014620.0,45.60877
1493014680.0,45.508
1493014740.0,45.59999
1493014800.0,45.6
1493014860.0,45.59901
1493014920.0,45.59902
1493014980.0,45.6
1493015040.0,45.6
1493015100.0,45.6
1493015160.0,45.59903
1493015220.0,45.599
1493015280.0,45.599
1493015340.0,45.6
1493015400.0,45.6
1493015460.0,45.6
1493015520.0,45.6
1493015580.0,45.60877
1493015640.0,45.60877
1493015700.0,45.60877
1493015760.0,45.60877
1493015820.0,45.60877
1493015880.0,45.67
1493015940.0,45.60972
1493016000.0,45.60977
1493016060.0,45.60901
1493016120.0,45.609
1493016180.0,45.66999
1493016240.0,45.66999
1493016300.0,45.52116
1493016360.0,45.67
1493016420.0,45.67
1493016480.0,45.67
1493016540.0,45.67
1493016600.0,45.67
1493016660.0,45.67
1493016720.0,45.67
1493016780.0,45.67
1493016840.0,45.67
1493016900.0,45.7
1493016960.0,45.67
1493017020.0,45.66999
1493017080.0,45.66999
1493017140.0,45.66999
1493017200.0,45.69998
1493017260.0,45.66999
1493017320.0,45.67
1493017380.0,45.67
1493017440.0,45.67
1493017500.0,45.67
1493017560.0,45.7
1493017620.0,45.7
1493017680.0,45.7
1493017740.0,45.7
1493017800.0,45.7
1493017860.0,45.7
1493017920.0,45.7
1493017980.0,45.7
1493018040.0,45.7
1493018100.0,45.70181
1493018160.0,45.7079
1493018220.0,45.7
1493018280.0,45.66999
1493018340.0,45.69999
1493018400.0,45.69999
1493018460.0,45.69999
1493018520.0,45.69998
1493018580.0,45.69996
1493018640.0,45.69998
1493018700.0,45.69998
1493018760.0,45.66999
1493018820.0,45.66999
1493018880.0,45.69998
1493018940.0,45.5215
1493019000.0,45.5215
1493019060.0,45.69999
1493019120.0,45.6
1493019180.0,45.6
1493019240.0,45.53121
1493019300.0,45.53121
1493019360.0,45.53121
1493019420.0,45.69999
1493019480.0,45.69998
1493019540.0,45.69998
1493019600.0,45.69998
1493019660.0,45.69998
1493019720.0,45.69998
1493019780.0,45.51752
1493019840.0,45.51752
1493019900.0,45.51752
1493019960.0,45.51752
1493020020.0,45.66947
1493020080.0,45.66947
1493020140.0,45.66947
1493020200.0,45.66947
1493020260.0,45.51729
1493020320.0,45.51729
1493020380.0,45.51729
1493020440.0,45.51897
1493020500.0,45.7079
1493020560.0,45.7079
1493020620.0,45.52064
1493020680.0,45.52064
1493020740.0,45.69993
1493020800.0,45.7
1493020860.0,45.7
1493020920.0,45.705
1493020980.0,45.705
1493021040.0,45.705
1493021100.0,45.70497
1493021160.0,45.70001
1493021220.0,45.705
1493021280.0,45.705
1493021340.0,45.71
1493021400.0,45.71234
1493021460.0,45.71234
1493021520.0,45.71001
1493021580.0,45.69996
1493021640.0,45.6181
1493021700.0,45.77819
1493021760.0,45.78
1493021820.0,45.78
1493021880.0,45.77819
1493021940.0,45.78304
1493022000.0,45.79993
1493022060.0,45.8102
1493022120.0,45.81119
1493022180.0,45.8103
1493022240.0,45.8122
1493022300.0,45.7782
1493022360.0,45.70005
1493022420.0,45.71594
1493022480.0,45.84819
1493022540.0,45.84667
1493022600.0,45.70017
1493022660.0,45.8462
1493022720.0,45.8393
1493022780.0,45.88
1493022840.0,45.75019
1493022900.0,45.78005
1493022960.0,45.78012
1493023020.0,45.9
1493023080.0,45.9
1493023140.0,45.9168
1493023200.0,45.91679
1493023260.0,45.80052
1493023320.0,45.9168
1493023380.0,45.92
1493023440.0,45.95
1493023500.0,45.92
1493023560.0,45.91003
1493023620.0,45.95
1493023680.0,45.95899
1493023740.0,45.83769
1493023800.0,45.83778
1493023860.0,45.85014
1493023920.0,45.9772
1493023980.0,45.9772
1493024040.0,45.97716
1493024100.0,45.93
1493024160.0,45.92
1493024220.0,45.92
1493024280.0,45.92
1493024340.0,45.92
1493024400.0,45.98997
1493024460.0,45.9055
1493024520.0,46.0
1493024580.0,46.0
1493024640.0,46.0
1493024700.0,46.0213
1493024760.0,46.0213
1493024820.0,46.0213
1493024880.0,46.08881
1493024940.0,45.90818
1493025000.0,46.08887
1493025060.0,46.0879
1493025120.0,46.08786
1493025180.0,46.1254
1493025240.0,45.90076
1493025300.0,46.03
1493025360.0,46.0
1493025420.0,46.0
1493025480.0,46.0
1493025540.0,45.99997
1493025600.0,45.99997
1493025660.0,46.0
1493025720.0,46.08163
1493025780.0,46.07942
1493025840.0,46.06949
1493025900.0,45.9
1493025960.0,45.9
1493026020.0,45.95743
1493026080.0,45.88998
1493026140.0,45.89
1493026200.0,45.95408
1493026260.0,45.948
1493026320.0,45.948
1493026380.0,45.9938
1493026440.0,45.988
1493026500.0,45.94743
1493026560.0,45.95
1493026620.0,45.94744
1493026680.0,45.9501
1493026740.0,45.95011
1493026800.0,45.95011
1493026860.0,45.95011
1493026920.0,45.95011
1493026980.0,45.99999
1493027040.0,45.9501
1493027100.0,45.9501
1493027160.0,45.95997
1493027220.0,45.9995
1493027280.0,45.89999
1493027340.0,45.898
1493027400.0,45.89647
1493027460.0,45.89647
1493027520.0,45.8938
1493027580.0,45.8938
1493027640.0,45.8883
1493027700.0,45.87598
1493027760.0,45.87598
1493027820.0,45.8495
1493027880.0,45.84348
1493027940.0,45.8425
1493028000.0,45.8425
1493028060.0,45.8425
1493028120.0,45.75042
1493028180.0,45.75042
1493028240.0,45.7
1493028300.0,45.70001
1493028360.0,45.7
1493028420.0,45.7
1493028480.0,45.7
1493028540.0,45.70003
1493028600.0,45.8499
1493028660.0,45.80399
1493028720.0,45.80399
1493028780.0,45.84498
1493028840.0,45.84549
1493028900.0,45.84499
1493028960.0,45.84447
1493029020.0,45.80424
1493029080.0,45.84497
1493029140.0,45.80424
1493029200.0,45.80424
1493029260.0,45.85
1493029320.0,45.85
1493029380.0,45.85
1493029440.0,45.85
1493029500.0,45.84998
1493029560.0,45.8499
1493029620.0,45.84998
1493029680.0,45.84998
1493029740.0,45.84998
1493029800.0,45.84998
1493029860.0,45.84998
1493029920.0,45.84998
1493029980.0,45.85
1493030040.0,45.85001
1493030100.0,46.0
1493030160.0,45.84998
1493030220.0,45.84998
1493030280.0,45.84998
1493030340.0,45.84998
1493030400.0,45.84998
1493030460.0,45.84999
1493030520.0,45.84999
1493030580.0,45.84999
1493030640.0,45.84999
1493030700.0,45.84999
1493030760.0,45.84998
1493030820.0,45.84998
1493030880.0,45.80417
1493030940.0,45.85
1493031000.0,45.85
1493031060.0,45.75166
1493031120.0,45.75213
1493031180.0,45.75213
1493031240.0,45.84997
1493031300.0,45.85
1493031360.0,45.85
1493031420.0,45.85001
1493031480.0,45.85001
1493031540.0,45.92979
1493031600.0,45.85
1493031660.0,45.85001
1493031720.0,45.85
1493031780.0,45.85
1493031840.0,45.92999
1493031900.0,45.92999
1493031960.0,45.85
1493032020.0,45.85001
1493032080.0,45.85
1493032140.0,45.89
1493032200.0,45.89
1493032260.0,45.85
1493032320.0,45.89
1493032380.0,45.85
1493032440.0,45.89
1493032500.0,45.89
1493032560.0,45.89998
1493032620.0,45.89998
1493032680.0,45.9
1493032740.0,45.9
1493032800.0,45.9
1493032860.0,45.9
1493032920.0,45.9
1493032980.0,45.84997
1493033040.0,45.9
1493033100.0,45.9
1493033160.0,45.9
1493033220.0,45.89998
1493033280.0,45.9
1493033340.0,45.93
1493033400.0,45.86
1493033460.0,46.0
1493033520.0,46.05
1493033580.0,46.05
1493033640.0,45.99999
1493033700.0,46.0501
1493033760.0,46.06839
1493033820.0,46.06687
1493033880.0,45.88
1493033940.0,46.04898
1493034000.0,46.049
1493034060.0,46.049
1493034120.0,46.0
1493034180.0,46.0
1493034240.0,46.09613
1493034300.0,46.09613
1493034360.0,46.08999
1493034420.0,46.08999
1493034480.0,46.08999
1493034540.0,46.08999
1493034600.0,46.02
1493034660.0,46.0
1493034720.0,46.02
1493034780.0,46.00001
1493034840.0,46.00001
1493034900.0,46.02
1493034960.0,46.00002
1493035020.0,46.00002
1493035080.0,46.02
1493035140.0,46.02
1493035200.0,46.02007
1493035260.0,46.02003
1493035320.0,46.04
1493035380.0,46.04
1493035440.0,46.09499
1493035500.0,46.07298
1493035560.0,46.04089
1493035620.0,46.09598
1493035680.0,46.09498
1493035740.0,46.09498
1493035800.0,46.09498
1493035860.0,46.09498
1493035920.0,46.04
1493035980.0,46.096
1493036040.0,46.096
1493036100.0,46.096
1493036160.0,46.09997
1493036220.0,46.09984
1493036280.0,46.00012
1493036340.0,46.09
1493036400.0,46.09
1493036460.0,46.09
1493036520.0,46.08898
1493036580.0,46.08898
1493036640.0,46.08898
1493036700.0,46.08898
1493036760.0,46.07998
1493036820.0,46.07998
1493036880.0,46.07998
1493036940.0,46.09996
1493037000.0,46.1
1493037060.0,46.1
1493037120.0,46.09991
1493037180.0,46.09949
1493037240.0,46.09949
1493037300.0,46.09949
1493037360.0,46.09949
1493037420.0,46.055
1493037480.0,46.0965
1493037540.0,46.097
1493037600.0,46.097
1493037660.0,46.05501
1493037720.0,46.05501
1493037780.0,46.09999
1493037840.0,46.09999
1493037900.0,46.09999
1493037960.0,46.1
1493038020.0,46.05503
1493038080.0,46.00001
1493038140.0,46.0999
1493038200.0,46.0
1493038260.0,46.08999
1493038320.0,46.00003
1493038380.0,46.00005
1493038440.0,46.085
1493038500.0,46.085
1493038560.0,46.08499
1493038620.0,46.0001
1493038680.0,46.0001
1493038740.0,46.07
1493038800.0,46.07
1493038860.0,46.07
1493038920.0,46.07
1493038980.0,46.07
1493039040.0,46.04
1493039100.0,46.04001
1493039160.0,46.0
1493039220.0,46.07
1493039280.0,46.07
1493039340.0,46.069
1493039400.0,46.05
1493039460.0,46.05
1493039520.0,46.05
1493039580.0,46.05
1493039640.0,46.05
1493039700.0,46.05
1493039760.0,46.05
1493039820.0,46.05
1493039880.0,46.05
1493039940.0,46.05
1493040000.0,46.04999
1493040060.0,46.00152
1493040120.0,46.05
1493040180.0,46.05
1493040240.0,46.04999
1493040300.0,46.04999
1493040360.0,46.04999
1493040420.0,46.05
1493040480.0,46.00132
1493040540.0,46.05
1493040600.0,46.0012
1493040660.0,46.04999
1493040720.0,45.99
1493040780.0,45.88
1493040840.0,45.94
1493040900.0,45.99999
1493040960.0,45.99999
1493041020.0,45.88009
1493041080.0,45.99985
1493041140.0,45.99996
1493041200.0,45.88054
1493041260.0,45.88064
1493041320.0,45.88064
1493041380.0,45.88064
1493041440.0,45.88064
1493041500.0,45.88125
1493041560.0,45.99895
1493041620.0,45.99897
1493041680.0,45.99697
1493041740.0,45.99167
1493041800.0,45.99999
1493041860.0,45.88025
1493041920.0,45.92
1493041980.0,45.92
1493042040.0,45.992
1493042100.0,46.0
1493042160.0,46.0
1493042220.0,45.99999
1493042280.0,46.0
1493042340.0,45.92001
1493042400.0,45.97
1493042460.0,45.88
1493042520.0,45.94999
1493042580.0,45.95
1493042640.0,45.95
1493042700.0,45.94999
1493042760.0,45.95
1493042820.0,45.95
1493042880.0,45.89
1493042940.0,45.89
1493043000.0,45.95
1493043060.0,45.95
1493043120.0,45.95
1493043180.0,45.9999
1493043240.0,45.89063
1493043300.0,45.99999
1493043360.0,45.99999
1493043420.0,45.99999
1493043480.0,45.99999
1493043540.0,46.05
1493043600.0,46.05
1493043660.0,45.95001
1493043720.0,45.95
1493043780.0,45.95
1493043840.0,45.94509
1493043900.0,45.95
1493043960.0,45.95
1493044020.0,45.95
1493044080.0,45.95
1493044140.0,45.94501
1493044200.0,45.95
1493044260.0,45.95
1493044320.0,46.04976
1493044380.0,45.88001
1493044440.0,45.88001
1493044500.0,45.99999
1493044560.0,45.88
1493044620.0,45.97177
1493044680.0,46.04926
1493044740.0,46.04926
1493044800.0,46.0
1493044860.0,46.0
1493044920.0,45.83574
1493044980.0,45.83574
1493045040.0,45.83574
1493045100.0,45.99997
1493045160.0,45.95005
1493045220.0,45.95005
1493045280.0,45.95005
1493045340.0,45.99997
1493045400.0,45.95012
1493045460.0,45.95008
1493045520.0,45.96002
1493045580.0,46.01
1493045640.0,46.01
1493045700.0,46.01
1493045760.0,46.01
1493045820.0,45.96007
1493045880.0,46.01
1493045940.0,45.96017
1493046000.0,46.04998
1493046060.0,46.04998
1493046120.0,46.04998
1493046180.0,46.05
1493046240.0,46.05
1493046300.0,46.05
1493046360.0,46.06998
1493046420.0,46.06998
1493046480.0,46.07
1493046540.0,46.05002
1493046600.0,46.05002
1493046660.0,46.07599
1493046720.0,46.07599
1493046780.0,46.076
1493046840.0,46.05
1493046900.0,46.05
1493046960.0,46.05
1493047020.0,46.05
1493047080.0,46.07594
1493047140.0,45.96
1493047200.0,46.076
1493047260.0,46.076
1493047320.0,46.076
1493047380.0,46.076
1493047440.0,45.96001
1493047500.0,45.99999
1493047560.0,45.96001
1493047620.0,45.96
1493047680.0,45.9
1493047740.0,45.9
1493047800.0,45.99838
1493047860.0,45.90001
1493047920.0,45.90001
1493047980.0,45.90001
1493048040.0,45.90001
1493048100.0,45.9
1493048160.0,45.9
1493048220.0,45.90001
1493048280.0,45.99169
1493048340.0,45.99169
1493048400.0,45.99169
1493048460.0,45.99169
1493048520.0,46.01282
1493048580.0,46.01282
1493048640.0,46.01282
1493048700.0,46.01282
1493048760.0,46.00349
1493048820.0,46.00349
1493048880.0,46.00349
1493048940.0,45.99697
1493049000.0,45.92171
1493049060.0,46.0565
1493049120.0,46.05699
1493049180.0,46.05993
1493049240.0,46.06
1493049300.0,45.90659
1493049360.0,45.96806
1493049420.0,46.05996
1493049480.0,46.05996
1493049540.0,46.1
1493049600.0,46.08406
1493049660.0,46.0955
1493049720.0,46.1
1493049780.0,46.1
1493049840.0,46.1
1493049900.0,46.1
1493049960.0,46.00292
1493050020.0,46.00292
1493050080.0,46.00292
1493050140.0,46.00001
1493050200.0,46.00001
1493050260.0,46.1
1493050320.0,46.1
1493050380.0,46.11998
1493050440.0,46.1197
1493050500.0,46.00001
1493050560.0,46.14996
1493050620.0,46.14996
1493050680.0,46.14996
1493050740.0,46.09998
1493050800.0,46.09998
1493050860.0,46.09999
1493050920.0,46.09999
1493050980.0,46.09999
1493051040.0,46.09998
1493051100.0,46.09999
1493051160.0,46.09999
1493051220.0,46.0
1493051280.0,45.98026
1493051340.0,45.9805
1493051400.0,46.0
1493051460.0,46.0
1493051520.0,46.0
1493051580.0,46.0
1493051640.0,46.0
1493051700.0,45.98018
1493051760.0,46.0
1493051820.0,45.98003
1493051880.0,46.0
1493051940.0,46.0
1493052000.0,45.9801
1493052060.0,46.0
1493052120.0,46.09949
1493052180.0,45.82821
1493052240.0,45.82821
1493052300.0,45.82821
1493052360.0,46.03567
1493052420.0,46.08749
1493052480.0,46.08749
1493052540.0,46.08749
1493052600.0,46.14199
1493052660.0,46.14199
1493052720.0,46.142
1493052780.0,46.14198
1493052840.0,46.14199
1493052900.0,46.15
1493052960.0,46.14999
1493053020.0,46.14998
1493053080.0,46.2
1493053140.0,46.2
1493053200.0,46.2304
1493053260.0,46.23
1493053320.0,46.224
1493053380.0,46.22999
1493053440.0,46.22999
1493053500.0,46.22999
1493053560.0,46.21002
1493053620.0,46.22999
1493053680.0,46.23
1493053740.0,46.23
1493053800.0,46.27999
1493053860.0,46.27999
1493053920.0,46.21
1493053980.0,46.21
1493054040.0,46.21206
1493054100.0,45.97032
1493054160.0,45.97
1493054220.0,45.91081
1493054280.0,46.11947
1493054340.0,46.11947
1493054400.0,46.11947
1493054460.0,46.10899
1493054520.0,46.1115
1493054580.0,46.24306
1493054640.0,46.239
1493054700.0,46.239
1493054760.0,46.27944
1493054820.0,46.27192
1493054880.0,46.27146
